Count,Time
32768,00000
32767,00003
32766,00012
32765,00018
32764,00026
32763,00034
32762,00041
32761,00047
32760,00052
32759,00056
32758,00060
32757,00064
32756,00068
32755,00072
32754,00075
32753,00079
32752,00083
32751,00087
32750,00091
32749,00094
32748,00098
32747,00101
32746,00105
32745,00108
32744,00111
32743,00115
32742,00118
32741,00121
32740,00124
32739,00127
32738,00131
32737,00134
32736,00137
32735,00140
32734,00143
32733,00147
32732,00150
32731,00153
32730,00157
32729,00160
32728,00163
32727,00166
32726,00169
32725,00173
32724,00176
32723,00179
32722,00182
32721,00186
32720,00189
32719,00192
32718,00195
32717,00198
32716,00201
32715,00205
32714,00208
32713,00211
32712,00214
32711,00217
32710,00221
32709,00224
32708,00227
32707,00230
32706,00233
32705,00236
32704,00239
32703,00243
32702,00246
32701,00249
32700,00252
32699,00255
32698,00258
32697,00262
32696,00265
32695,00268
32694,00271
32693,00274
32692,00277
32691,00281
32690,00284
32689,00287
32688,00290
32687,00294
32686,00297
32685,00300
32684,00303
32683,00306
32682,00310
32681,00313
32680,00316
32679,00319
32678,00322
32677,00325
32676,00329
32675,00332
32674,00335
32673,00338
32672,00341
32671,00344
32670,00348
32669,00351
32668,00354
32667,00357
32666,00360
32665,00364
32664,00367
32663,00370
32662,00373
32661,00376
32660,00380
32659,00383
32658,00386
32657,00389
32656,00392
32655,00396
32654,00399
32653,00402
32652,00405
32651,00408
32650,00412
32649,00415
32648,00418
32647,00421
32646,00424
32645,00428
32644,00431
32643,00434
32642,00437
32641,00440
32640,00443
32639,00447
32638,00450
32637,00453
32636,00456
32635,00459
32634,00462
32633,00466
32632,00469
32631,00472
32630,00475
32629,00478
32628,00481
32627,00484
32626,00488
32625,00491
32624,00494
32623,00497
32622,00500
32621,00503
32620,00506
32619,00510
32618,00513
32617,00516
32616,00519
32615,00522
32614,00526
32613,00529
32612,00532
32611,00535
32610,00538
32609,00542
32608,00545
32607,00548
32606,00551
32605,00554
32604,00557
32603,00560
32602,00564
32601,00567
32600,00570
32599,00573
32598,00576
32597,00579
32596,00583
32595,00586
32594,00589
32593,00592
32592,00595
32591,00599
32590,00602
32589,00605
32588,00608
32587,00611
32586,00615
32585,00618
32584,00621
32583,00624
32582,00627
32581,00630
32580,00634
32579,00637
32578,00640
32577,00643
32576,00646
32575,00649
32574,00653
32573,00656
32572,00659
32571,00662
32570,00666
32569,00669
32568,00672
32567,00675
32566,00678
32565,00682
32564,00685
32563,00688
32562,00691
32561,00694
32560,00697
32559,00701
32558,00704
32557,00707
32556,00710
32555,00713
32554,00716
32553,00720
32552,00723
32551,00726
32550,00729
32549,00732
32548,00736
32547,00739
32546,00742
32545,00745
32544,00748
32543,00752
32542,00755
32541,00758
32540,00761
32539,00764
32538,00768
32537,00771
32536,00774
32535,00777
32534,00780
32533,00784
32532,00787
32531,00790
32530,00793
32529,00796
32528,00800
32527,00803
32526,00806
32525,00809
32524,00812
32523,00816
32522,00819
32521,00822
32520,00825
32519,00828
32518,00832
32517,00835
32516,00838
32515,00841
32514,00844
32513,00847
32512,00851
32511,00854
32510,00857
32509,00860
32508,00863
32507,00867
32506,00870
32505,00873
32504,00876
32503,00880
32502,00883
32501,00886
32500,00889
32499,00893
32498,00896
32497,00899
32496,00902
32495,00906
32494,00909
32493,00912
32492,00915
32491,00918
32490,00922
32489,00925
32488,00928
32487,00931
32486,00935
32485,00938
32484,00941
32483,00944
32482,00948
32481,00951
32480,00954
32479,00957
32478,00961
32477,00964
32476,00967
32475,00971
32474,00974
32473,00977
32472,00980
32471,00984
32470,00987
32469,00990
32468,00993
32467,00996
32466,01000
32465,01003
32464,01006
32463,01010
32462,01013
32461,01016
32460,01019
32459,01023
32458,01026
32457,01029
32456,01033
32455,01036
32454,01039
32453,01042
32452,01045
32451,01049
32450,01052
32449,01055
32448,01058
32447,01062
32446,01065
32445,01068
32444,01071
32443,01075
32442,01078
32441,01081
32440,01084
32439,01088
32438,01091
32437,01094
32436,01097
32435,01101
32434,01104
32433,01107
32432,01110
32431,01114
32430,01117
32429,01120
32428,01123
32427,01127
32426,01130
32425,01133
32424,01136
32423,01140
32422,01143
32421,01146
32420,01149
32419,01153
32418,01156
32417,01159
32416,01162
32415,01166
32414,01169
32413,01172
32412,01175
32411,01179
32410,01182
32409,01185
32408,01188
32407,01191
32406,01195
32405,01198
32404,01201
32403,01204
32402,01208
32401,01211
32400,01214
32399,01217
32398,01220
32397,01224
32396,01227
32395,01230
32394,01233
32393,01237
32392,01240
32391,01243
32390,01246
32389,01249
32388,01253
32387,01256
32386,01259
32385,01262
32384,01266
32383,01269
32382,01272
32381,01275
32380,01278
32379,01282
32378,01285
32377,01288
32376,01291
32375,01294
32374,01297
32373,01301
32372,01304
32371,01307
32370,01310
32369,01313
32368,01316
32367,01320
32366,01323
32365,01326
32364,01329
32363,01332
32362,01335
32361,01339
32360,01342
32359,01345
32358,01348
32357,01351
32356,01354
32355,01358
32354,01361
32353,01364
32352,01367
32351,01370
32350,01373
32349,01377
32348,01380
32347,01383
32346,01386
32345,01389
32344,01392
32343,01396
32342,01399
32341,01402
32340,01405
32339,01408
32338,01411
32337,01414
32336,01418
32335,01421
32334,01424
32333,01427
32332,01430
32331,01433
32330,01436
32329,01439
32328,01443
32327,01446
32326,01449
32325,01452
32324,01455
32323,01458
32322,01462
32321,01465
32320,01468
32319,01471
32318,01474
32317,01477
32316,01480
32315,01484
32314,01487
32313,01490
32312,01493
32311,01496
32310,01499
32309,01503
32308,01506
32307,01509
32306,01512
32305,01515
32304,01518
32303,01521
32302,01524
32301,01528
32300,01531
32299,01534
32298,01537
32297,01540
32296,01543
32295,01547
32294,01550
32293,01553
32292,01556
32291,01559
32290,01562
32289,01565
32288,01569
32287,01572
32286,01575
32285,01578
32284,01581
32283,01584
32282,01587
32281,01590
32280,01594
32279,01597
32278,01600
32277,01603
32276,01606
32275,01609
32274,01612
32273,01616
32272,01619
32271,01622
32270,01625
32269,01628
32268,01631
32267,01634
32266,01637
32265,01640
32264,01644
32263,01647
32262,01650
32261,01653
32260,01656
32259,01659
32258,01662
32257,01665
32256,01669
32255,01672
32254,01675
32253,01678
32252,01681
32251,01684
32250,01687
32249,01691
32248,01694
32247,01697
32246,01700
32245,01703
32244,01706
32243,01709
32242,01712
32241,01716
32240,01719
32239,01722
32238,01725
32237,01728
32236,01731
32235,01735
32234,01738
32233,01741
32232,01744
32231,01747
32230,01750
32229,01754
32228,01757
32227,01760
32226,01763
32225,01766
32224,01769
32223,01773
32222,01776
32221,01779
32220,01782
32219,01785
32218,01788
32217,01792
32216,01795
32215,01798
32214,01801
32213,01804
32212,01807
32211,01811
32210,01814
32209,01817
32208,01820
32207,01823
32206,01826
32205,01830
32204,01833
32203,01836
32202,01839
32201,01842
32200,01845
32199,01849
32198,01852
32197,01855
32196,01858
32195,01861
32194,01864
32193,01868
32192,01871
32191,01874
32190,01877
32189,01880
32188,01883
32187,01887
32186,01890
32185,01893
32184,01896
32183,01899
32182,01902
32181,01905
32180,01908
32179,01911
32178,01915
32177,01918
32176,01921
32175,01924
32174,01927
32173,01930
32172,01934
32171,01937
32170,01940
32169,01943
32168,01946
32167,01949
32166,01952
32165,01956
32164,01959
32163,01962
32162,01965
32161,01968
32160,01971
32159,01975
32158,01978
32157,01981
32156,01984
32155,01987
32154,01990
32153,01993
32152,01997
32151,02000
32150,02003
32149,02006
32148,02009
32147,02012
32146,02015
32145,02019
32144,02022
32143,02025
32142,02028
32141,02031
32140,02034
32139,02038
32138,02041
32137,02044
32136,02047
32135,02050
32134,02053
32133,02057
32132,02060
32131,02063
32130,02066
32129,02069
32128,02073
32127,02076
32126,02079
32125,02082
32124,02085
32123,02089
32122,02092
32121,02095
32120,02098
32119,02101
32118,02105
32117,02108
32116,02111
32115,02114
32114,02117
32113,02120
32112,02124
32111,02127
32110,02130
32109,02133
32108,02136
32107,02139
32106,02143
32105,02146
32104,02149
32103,02152
32102,02155
32101,02158
32100,02162
32099,02165
32098,02168
32097,02171
32096,02174
32095,02178
32094,02181
32093,02184
32092,02187
32091,02190
32090,02194
32089,02197
32088,02200
32087,02203
32086,02206
32085,02210
32084,02213
32083,02216
32082,02219
32081,02222
32080,02225
32079,02229
32078,02232
32077,02235
32076,02238
32075,02241
32074,02244
32073,02248
32072,02251
32071,02254
32070,02257
32069,02261
32068,02264
32067,02267
32066,02270
32065,02273
32064,02276
32063,02280
32062,02283
32061,02286
32060,02289
32059,02292
32058,02296
32057,02299
32056,02302
32055,02305
32054,02308
32053,02312
32052,02315
32051,02318
32050,02321
32049,02325
32048,02328
32047,02331
32046,02334
32045,02338
32044,02341
32043,02344
32042,02347
32041,02350
32040,02354
32039,02357
32038,02360
32037,02363
32036,02367
32035,02370
32034,02373
32033,02376
32032,02380
32031,02383
32030,02386
32029,02389
32028,02393
32027,02396
32026,02399
32025,02403
32024,02406
32023,02409
32022,02412
32021,02415
32020,02419
32019,02422
32018,02425
32017,02428
32016,02432
32015,02435
32014,02438
32013,02441
32012,02445
32011,02448
32010,02451
32009,02455
32008,02458
32007,02461
32006,02464
32005,02467
32004,02471
32003,02474
32002,02477
32001,02481
32000,02484
31999,02487
31998,02490
31997,02493
31996,02497
31995,02500
31994,02503
31993,02506
31992,02510
31991,02513
31990,02516
31989,02519
31988,02523
31987,02526
31986,02529
31985,02532
31984,02535
31983,02539
31982,02542
31981,02545
31980,02549
31979,02552
31978,02555
31977,02558
31976,02562
31975,02565
31974,02568
31973,02571
31972,02574
31971,02578
31970,02581
31969,02584
31968,02587
31967,02591
31966,02594
31965,02597
31964,02600
31963,02604
31962,02607
31961,02610
31960,02613
31959,02616
31958,02620
31957,02623
31956,02626
31955,02629
31954,02632
31953,02636
31952,02639
31951,02642
31950,02645
31949,02649
31948,02652
31947,02655
31946,02658
31945,02661
31944,02665
31943,02668
31942,02671
31941,02674
31940,02678
31939,02681
31938,02684
31937,02687
31936,02690
31935,02694
31934,02697
31933,02700
31932,02703
31931,02706
31930,02710
31929,02713
31928,02716
31927,02719
31926,02722
31925,02725
31924,02729
31923,02732
31922,02735
31921,02738
31920,02741
31919,02744
31918,02747
31917,02751
31916,02754
31915,02757
31914,02760
31913,02763
31912,02766
31911,02770
31910,02773
31909,02776
31908,02779
31907,02782
31906,02785
31905,02789
31904,02792
31903,02795
31902,02798
31901,02801
31900,02804
31899,02807
31898,02811
31897,02814
31896,02817
31895,02820
31894,02823
31893,02826
31892,02830
31891,02833
31890,02836
31889,02839
31888,02842
31887,02845
31886,02848
31885,02851
31884,02855
31883,02858
31882,02861
31881,02864
31880,02867
31879,02870
31878,02873
31877,02877
31876,02880
31875,02883
31874,02886
31873,02889
31872,02892
31871,02895
31870,02898
31869,02902
31868,02905
31867,02908
31866,02911
31865,02914
31864,02917
31863,02921
31862,02924
31861,02927
31860,02930
31859,02933
31858,02936
31857,02939
31856,02943
31855,02946
31854,02949
31853,02952
31852,02955
31851,02958
31850,02961
31849,02965
31848,02968
31847,02971
31846,02974
31845,02977
31844,02980
31843,02983
31842,02987
31841,02990
31840,02993
31839,02996
31838,02999
31837,03002
31836,03005
31835,03008
31834,03012
31833,03015
31832,03018
31831,03021
31830,03024
31829,03027
31828,03030
31827,03034
31826,03037
31825,03040
31824,03043
31823,03046
31822,03049
31821,03052
31820,03056
31819,03059
31818,03062
31817,03065
31816,03068
31815,03071
31814,03074
31813,03077
31812,03080
31811,03084
31810,03087
31809,03090
31808,03093
31807,03096
31806,03099
31805,03102
31804,03105
31803,03109
31802,03112
31801,03115
31800,03118
31799,03121
31798,03124
31797,03127
31796,03130
31795,03133
31794,03137
31793,03140
31792,03143
31791,03146
31790,03149
31789,03152
31788,03156
31787,03159
31786,03162
31785,03165
31784,03168
31783,03171
31782,03175
31781,03178
31780,03181
31779,03184
31778,03187
31777,03190
31776,03193
31775,03197
31774,03200
31773,03203
31772,03206
31771,03209
31770,03212
31769,03215
31768,03218
31767,03222
31766,03225
31765,03228
31764,03231
31763,03234
31762,03237
31761,03241
31760,03244
31759,03247
31758,03250
31757,03253
31756,03257
31755,03260
31754,03263
31753,03266
31752,03269
31751,03272
31750,03275
31749,03279
31748,03282
31747,03285
31746,03288
31745,03291
31744,03294
31743,03298
31742,03301
31741,03304
31740,03307
31739,03310
31738,03313
31737,03317
31736,03320
31735,03323
31734,03326
31733,03329
31732,03332
31731,03335
31730,03338
31729,03341
31728,03345
31727,03348
31726,03351
31725,03354
31724,03357
31723,03360
31722,03363
31721,03367
31720,03370
31719,03373
31718,03376
31717,03379
31716,03382
31715,03386
31714,03389
31713,03392
31712,03395
31711,03398
31710,03401
31709,03404
31708,03408
31707,03411
31706,03414
31705,03417
31704,03420
31703,03423
31702,03426
31701,03430
31700,03433
31699,03436
31698,03439
31697,03442
31696,03445
31695,03448
31694,03452
31693,03455
31692,03458
31691,03461
31690,03464
31689,03467
31688,03471
31687,03474
31686,03477
31685,03480
31684,03483
31683,03486
31682,03490
31681,03493
31680,03496
31679,03499
31678,03502
31677,03505
31676,03509
31675,03512
31674,03515
31673,03518
31672,03521
31671,03525
31670,03528
31669,03531
31668,03534
31667,03537
31666,03540
31665,03544
31664,03547
31663,03550
31662,03553
31661,03556
31660,03560
31659,03563
31658,03566
31657,03569
31656,03572
31655,03575
31654,03579
31653,03582
31652,03585
31651,03588
31650,03591
31649,03594
31648,03598
31647,03601
31646,03604
31645,03607
31644,03610
31643,03614
31642,03617
31641,03620
31640,03623
31639,03626
31638,03630
31637,03633
31636,03636
31635,03639
31634,03642
31633,03645
31632,03649
31631,03652
31630,03655
31629,03658
31628,03661
31627,03664
31626,03668
31625,03671
31624,03674
31623,03677
31622,03681
31621,03684
31620,03687
31619,03690
31618,03693
31617,03696
31616,03700
31615,03703
31614,03706
31613,03709
31612,03712
31611,03715
31610,03719
31609,03722
31608,03725
31607,03728
31606,03731
31605,03735
31604,03738
31603,03741
31602,03744
31601,03748
31600,03751
31599,03754
31598,03757
31597,03761
31596,03764
31595,03767
31594,03770
31593,03774
31592,03777
31591,03780
31590,03783
31589,03786
31588,03790
31587,03793
31586,03796
31585,03799
31584,03803
31583,03806
31582,03809
31581,03812
31580,03816
31579,03819
31578,03822
31577,03825
31576,03829
31575,03832
31574,03835
31573,03838
31572,03842
31571,03845
31570,03848
31569,03851
31568,03855
31567,03858
31566,03861
31565,03864
31564,03868
31563,03871
31562,03874
31561,03877
31560,03881
31559,03884
31558,03887
31557,03890
31556,03894
31555,03897
31554,03900
31553,03904
31552,03907
31551,03910
31550,03913
31549,03916
31548,03920
31547,03923
31546,03926
31545,03929
31544,03932
31543,03936
31542,03939
31541,03942
31540,03945
31539,03949
31538,03952
31537,03955
31536,03958
31535,03962
31534,03965
31533,03968
31532,03971
31531,03974
31530,03978
31529,03981
31528,03984
31527,03987
31526,03991
31525,03994
31524,03997
31523,04000
31522,04004
31521,04007
31520,04010
31519,04013
31518,04017
31517,04020
31516,04023
31515,04026
31514,04030
31513,04033
31512,04036
31511,04039
31510,04042
31509,04046
31508,04049
31507,04052
31506,04055
31505,04058
31504,04062
31503,04065
31502,04068
31501,04071
31500,04074
31499,04078
31498,04081
31497,04084
31496,04087
31495,04091
31494,04094
31493,04097
31492,04100
31491,04104
31490,04107
31489,04110
31488,04113
31487,04116
31486,04120
31485,04123
31484,04126
31483,04129
31482,04132
31481,04136
31480,04139
31479,04142
31478,04145
31477,04148
31476,04151
31475,04155
31474,04158
31473,04161
31472,04164
31471,04167
31470,04170
31469,04174
31468,04177
31467,04180
31466,04183
31465,04186
31464,04190
31463,04193
31462,04196
31461,04199
31460,04202
31459,04205
31458,04208
31457,04212
31456,04215
31455,04218
31454,04221
31453,04224
31452,04227
31451,04231
31450,04234
31449,04237
31448,04240
31447,04243
31446,04246
31445,04249
31444,04253
31443,04256
31442,04259
31441,04262
31440,04265
31439,04268
31438,04271
31437,04275
31436,04278
31435,04281
31434,04284
31433,04287
31432,04290
31431,04294
31430,04297
31429,04300
31428,04303
31427,04306
31426,04309
31425,04312
31424,04315
31423,04319
31422,04322
31421,04325
31420,04328
31419,04331
31418,04334
31417,04337
31416,04341
31415,04344
31414,04347
31413,04350
31412,04353
31411,04356
31410,04360
31409,04363
31408,04366
31407,04369
31406,04372
31405,04375
31404,04378
31403,04382
31402,04385
31401,04388
31400,04391
31399,04394
31398,04397
31397,04400
31396,04404
31395,04407
31394,04410
31393,04413
31392,04416
31391,04419
31390,04422
31389,04426
31388,04429
31387,04432
31386,04435
31385,04438
31384,04441
31383,04444
31382,04447
31381,04451
31380,04454
31379,04457
31378,04460
31377,04463
31376,04466
31375,04469
31374,04473
31373,04476
31372,04479
31371,04482
31370,04485
31369,04488
31368,04492
31367,04495
31366,04498
31365,04501
31364,04504
31363,04507
31362,04510
31361,04513
31360,04516
31359,04520
31358,04523
31357,04526
31356,04529
31355,04532
31354,04535
31353,04538
31352,04541
31351,04545
31350,04548
31349,04551
31348,04554
31347,04557
31346,04560
31345,04563
31344,04567
31343,04570
31342,04573
31341,04576
31340,04579
31339,04582
31338,04585
31337,04589
31336,04592
31335,04595
31334,04598
31333,04601
31332,04604
31331,04607
31330,04611
31329,04614
31328,04617
31327,04620
31326,04623
31325,04626
31324,04629
31323,04633
31322,04636
31321,04639
31320,04642
31319,04645
31318,04648
31317,04652
31316,04655
31315,04658
31314,04661
31313,04664
31312,04667
31311,04671
31310,04674
31309,04677
31308,04680
31307,04683
31306,04686
31305,04690
31304,04693
31303,04696
31302,04699
31301,04702
31300,04705
31299,04709
31298,04712
31297,04715
31296,04718
31295,04721
31294,04724
31293,04728
31292,04731
31291,04734
31290,04737
31289,04740
31288,04743
31287,04747
31286,04750
31285,04753
31284,04756
31283,04759
31282,04762
31281,04765
31280,04768
31279,04771
31278,04775
31277,04778
31276,04781
31275,04784
31274,04787
31273,04790
31272,04793
31271,04797
31270,04800
31269,04803
31268,04806
31267,04809
31266,04812
31265,04816
31264,04819
31263,04822
31262,04825
31261,04828
31260,04831
31259,04835
31258,04838
31257,04841
31256,04844
31255,04847
31254,04850
31253,04853
31252,04856
31251,04860
31250,04863
31249,04866
31248,04869
31247,04872
31246,04875
31245,04878
31244,04882
31243,04885
31242,04888
31241,04891
31240,04894
31239,04898
31238,04901
31237,04904
31236,04907
31235,04910
31234,04913
31233,04917
31232,04920
31231,04923
31230,04926
31229,04929
31228,04932
31227,04936
31226,04939
31225,04942
31224,04945
31223,04948
31222,04952
31221,04955
31220,04958
31219,04961
31218,04964
31217,04968
31216,04971
31215,04974
31214,04977
31213,04980
31212,04984
31211,04987
31210,04990
31209,04993
31208,04996
31207,04999
31206,05003
31205,05006
31204,05009
31203,05012
31202,05015
31201,05018
31200,05022
31199,05025
31198,05028
31197,05031
31196,05034
31195,05038
31194,05041
31193,05044
31192,05047
31191,05050
31190,05054
31189,05057
31188,05060
31187,05063
31186,05066
31185,05070
31184,05073
31183,05076
31182,05079
31181,05082
31180,05085
31179,05089
31178,05092
31177,05095
31176,05098
31175,05102
31174,05105
31173,05108
31172,05111
31171,05114
31170,05118
31169,05121
31168,05124
31167,05127
31166,05130
31165,05133
31164,05137
31163,05140
31162,05143
31161,05146
31160,05149
31159,05152
31158,05156
31157,05159
31156,05162
31155,05165
31154,05169
31153,05172
31152,05175
31151,05178
31150,05182
31149,05185
31148,05188
31147,05191
31146,05195
31145,05198
31144,05201
31143,05204
31142,05207
31141,05211
31140,05214
31139,05217
31138,05220
31137,05224
31136,05227
31135,05230
31134,05233
31133,05237
31132,05240
31131,05243
31130,05246
31129,05250
31128,05253
31127,05256
31126,05259
31125,05263
31124,05266
31123,05269
31122,05273
31121,05276
31120,05279
31119,05282
31118,05285
31117,05289
31116,05292
31115,05295
31114,05298
31113,05302
31112,05305
31111,05308
31110,05312
31109,05315
31108,05318
31107,05321
31106,05325
31105,05328
31104,05331
31103,05334
31102,05338
31101,05341
31100,05344
31099,05347
31098,05351
31097,05354
31096,05357
31095,05360
31094,05363
31093,05367
31092,05370
31091,05373
31090,05376
31089,05380
31088,05383
31087,05386
31086,05389
31085,05393
31084,05396
31083,05399
31082,05402
31081,05406
31080,05409
31079,05412
31078,05415
31077,05419
31076,05422
31075,05425
31074,05428
31073,05432
31072,05435
31071,05438
31070,05441
31069,05445
31068,05448
31067,05451
31066,05454
31065,05458
31064,05461
31063,05464
31062,05467
31061,05470
31060,05474
31059,05477
31058,05480
31057,05483
31056,05487
31055,05490
31054,05493
31053,05496
31052,05499
31051,05502
31050,05506
31049,05509
31048,05512
31047,05515
31046,05519
31045,05522
31044,05525
31043,05528
31042,05531
31041,05535
31040,05538
31039,05541
31038,05544
31037,05548
31036,05551
31035,05554
31034,05557
31033,05560
31032,05564
31031,05567
31030,05570
31029,05573
31028,05576
31027,05579
31026,05583
31025,05586
31024,05589
31023,05592
31022,05595
31021,05598
31020,05602
31019,05605
31018,05608
31017,05611
31016,05614
31015,05617
31014,05621
31013,05624
31012,05627
31011,05630
31010,05633
31009,05636
31008,05640
31007,05643
31006,05646
31005,05649
31004,05652
31003,05655
31002,05659
31001,05662
31000,05665
30999,05668
30998,05671
30997,05674
30996,05678
30995,05681
30994,05684
30993,05687
30992,05690
30991,05693
30990,05697
30989,05700
30988,05703
30987,05706
30986,05709
30985,05712
30984,05715
30983,05719
30982,05722
30981,05725
30980,05728
30979,05731
30978,05734
30977,05737
30976,05740
30975,05744
30974,05747
30973,05750
30972,05753
30971,05756
30970,05759
30969,05762
30968,05766
30967,05769
30966,05772
30965,05775
30964,05778
30963,05781
30962,05785
30961,05788
30960,05791
30959,05794
30958,05797
30957,05800
30956,05803
30955,05807
30954,05810
30953,05813
30952,05816
30951,05819
30950,05822
30949,05825
30948,05829
30947,05832
30946,05835
30945,05838
30944,05841
30943,05844
30942,05848
30941,05851
30940,05854
30939,05857
30938,05860
30937,05863
30936,05866
30935,05869
30934,05872
30933,05876
30932,05879
30931,05882
30930,05885
30929,05888
30928,05891
30927,05895
30926,05898
30925,05901
30924,05904
30923,05907
30922,05910
30921,05914
30920,05917
30919,05920
30918,05923
30917,05926
30916,05929
30915,05932
30914,05935
30913,05938
30912,05942
30911,05945
30910,05948
30909,05951
30908,05954
30907,05957
30906,05960
30905,05963
30904,05967
30903,05970
30902,05973
30901,05976
30900,05979
30899,05982
30898,05985
30897,05989
30896,05992
30895,05995
30894,05998
30893,06001
30892,06004
30891,06007
30890,06011
30889,06014
30888,06017
30887,06020
30886,06023
30885,06026
30884,06030
30883,06033
30882,06036
30881,06039
30880,06042
30879,06045
30878,06049
30877,06052
30876,06055
30875,06058
30874,06061
30873,06064
30872,06067
30871,06071
30870,06074
30869,06077
30868,06080
30867,06083
30866,06086
30865,06089
30864,06093
30863,06096
30862,06099
30861,06102
30860,06105
30859,06108
30858,06112
30857,06115
30856,06118
30855,06121
30854,06124
30853,06128
30852,06131
30851,06134
30850,06137
30849,06140
30848,06143
30847,06146
30846,06150
30845,06153
30844,06156
30843,06159
30842,06162
30841,06165
30840,06169
30839,06172
30838,06175
30837,06178
30836,06181
30835,06184
30834,06188
30833,06191
30832,06194
30831,06197
30830,06200
30829,06203
30828,06206
30827,06209
30826,06212
30825,06216
30824,06219
30823,06222
30822,06225
30821,06228
30820,06231
30819,06235
30818,06238
30817,06241
30816,06244
30815,06247
30814,06250
30813,06254
30812,06257
30811,06260
30810,06263
30809,06266
30808,06269
30807,06273
30806,06276
30805,06279
30804,06282
30803,06285
30802,06288
30801,06291
30800,06294
30799,06298
30798,06301
30797,06304
30796,06307
30795,06310
30794,06313
30793,06316
30792,06320
30791,06323
30790,06326
30789,06329
30788,06332
30787,06335
30786,06339
30785,06342
30784,06345
30783,06348
30782,06351
30781,06354
30780,06358
30779,06361
30778,06364
30777,06367
30776,06370
30775,06373
30774,06377
30773,06380
30772,06383
30771,06386
30770,06390
30769,06393
30768,06396
30767,06399
30766,06402
30765,06406
30764,06409
30763,06412
30762,06415
30761,06418
30760,06421
30759,06425
30758,06428
30757,06431
30756,06434
30755,06437
30754,06440
30753,06444
30752,06447
30751,06450
30750,06453
30749,06456
30748,06460
30747,06463
30746,06466
30745,06469
30744,06472
30743,06476
30742,06479
30741,06482
30740,06485
30739,06488
30738,06492
30737,06495
30736,06498
30735,06501
30734,06504
30733,06507
30732,06511
30731,06514
30730,06517
30729,06520
30728,06524
30727,06527
30726,06530
30725,06533
30724,06536
30723,06540
30722,06543
30721,06546
30720,06549
30719,06552
30718,06555
30717,06559
30716,06562
30715,06565
30714,06568
30713,06571
30712,06575
30711,06578
30710,06581
30709,06584
30708,06587
30707,06591
30706,06594
30705,06597
30704,06600
30703,06603
30702,06607
30701,06610
30700,06613
30699,06617
30698,06620
30697,06623
30696,06626
30695,06629
30694,06633
30693,06636
30692,06639
30691,06642
30690,06646
30689,06649
30688,06652
30687,06655
30686,06659
30685,06662
30684,06665
30683,06668
30682,06671
30681,06675
30680,06678
30679,06681
30678,06685
30677,06688
30676,06691
30675,06694
30674,06698
30673,06701
30672,06704
30671,06707
30670,06711
30669,06714
30668,06717
30667,06720
30666,06724
30665,06727
30664,06730
30663,06733
30662,06737
30661,06740
30660,06743
30659,06746
30658,06750
30657,06753
30656,06756
30655,06759
30654,06763
30653,06766
30652,06769
30651,06773
30650,06776
30649,06779
30648,06782
30647,06785
30646,06789
30645,06792
30644,06795
30643,06798
30642,06802
30641,06805
30640,06808
30639,06811
30638,06815
30637,06818
30636,06821
30635,06824
30634,06828
30633,06831
30632,06834
30631,06837
30630,06841
30629,06844
30628,06847
30627,06850
30626,06854
30625,06857
30624,06860
30623,06863
30622,06867
30621,06870
30620,06873
30619,06876
30618,06880
30617,06883
30616,06886
30615,06889
30614,06893
30613,06896
30612,06899
30611,06902
30610,06905
30609,06909
30608,06912
30607,06915
30606,06918
30605,06922
30604,06925
30603,06928
30602,06931
30601,06934
30600,06938
30599,06941
30598,06944
30597,06947
30596,06950
30595,06954
30594,06957
30593,06960
30592,06963
30591,06967
30590,06970
30589,06973
30588,06976
30587,06979
30586,06983
30585,06986
30584,06989
30583,06992
30582,06995
30581,06999
30580,07002
30579,07005
30578,07008
30577,07011
30576,07014
30575,07018
30574,07021
30573,07024
30572,07027
30571,07030
30570,07033
30569,07037
30568,07040
30567,07043
30566,07046
30565,07049
30564,07053
30563,07056
30562,07059
30561,07062
30560,07065
30559,07068
30558,07072
30557,07075
30556,07078
30555,07081
30554,07084
30553,07087
30552,07090
30551,07094
30550,07097
30549,07100
30548,07103
30547,07106
30546,07109
30545,07113
30544,07116
30543,07119
30542,07122
30541,07125
30540,07128
30539,07131
30538,07135
30537,07138
30536,07141
30535,07144
30534,07147
30533,07150
30532,07153
30531,07157
30530,07160
30529,07163
30528,07166
30527,07169
30526,07172
30525,07175
30524,07179
30523,07182
30522,07185
30521,07188
30520,07191
30519,07194
30518,07197
30517,07200
30516,07204
30515,07207
30514,07210
30513,07213
30512,07216
30511,07219
30510,07223
30509,07226
30508,07229
30507,07232
30506,07235
30505,07238
30504,07241
30503,07245
30502,07248
30501,07251
30500,07254
30499,07257
30498,07260
30497,07264
30496,07267
30495,07270
30494,07273
30493,07276
30492,07279
30491,07282
30490,07285
30489,07289
30488,07292
30487,07295
30486,07298
30485,07301
30484,07304
30483,07307
30482,07311
30481,07314
30480,07317
30479,07320
30478,07323
30477,07326
30476,07330
30475,07333
30474,07336
30473,07339
30472,07342
30471,07345
30470,07348
30469,07351
30468,07355
30467,07358
30466,07361
30465,07364
30464,07367
30463,07370
30462,07373
30461,07376
30460,07379
30459,07383
30458,07386
30457,07389
30456,07392
30455,07395
30454,07398
30453,07401
30452,07405
30451,07408
30450,07411
30449,07414
30448,07417
30447,07420
30446,07423
30445,07426
30444,07430
30443,07433
30442,07436
30441,07439
30440,07442
30439,07445
30438,07449
30437,07452
30436,07455
30435,07458
30434,07461
30433,07464
30432,07468
30431,07471
30430,07474
30429,07477
30428,07480
30427,07483
30426,07486
30425,07490
30424,07493
30423,07496
30422,07499
30421,07502
30420,07505
30419,07508
30418,07511
30417,07515
30416,07518
30415,07521
30414,07524
30413,07527
30412,07530
30411,07534
30410,07537
30409,07540
30408,07543
30407,07546
30406,07550
30405,07553
30404,07556
30403,07559
30402,07562
30401,07565
30400,07568
30399,07572
30398,07575
30397,07578
30396,07581
30395,07584
30394,07587
30393,07591
30392,07594
30391,07597
30390,07600
30389,07603
30388,07606
30387,07610
30386,07613
30385,07616
30384,07619
30383,07622
30382,07625
30381,07628
30380,07631
30379,07634
30378,07638
30377,07641
30376,07644
30375,07647
30374,07650
30373,07653
30372,07656
30371,07660
30370,07663
30369,07666
30368,07669
30367,07672
30366,07675
30365,07679
30364,07682
30363,07685
30362,07688
30361,07691
30360,07694
30359,07698
30358,07701
30357,07704
30356,07707
30355,07710
30354,07713
30353,07716
30352,07719
30351,07723
30350,07726
30349,07729
30348,07732
30347,07735
30346,07738
30345,07741
30344,07745
30343,07748
30342,07751
30341,07754
30340,07757
30339,07760
30338,07764
30337,07767
30336,07770
30335,07773
30334,07776
30333,07779
30332,07783
30331,07786
30330,07789
30329,07792
30328,07795
30327,07798
30326,07802
30325,07805
30324,07808
30323,07811
30322,07814
30321,07818
30320,07821
30319,07824
30318,07827
30317,07830
30316,07833
30315,07837
30314,07840
30313,07843
30312,07846
30311,07849
30310,07853
30309,07856
30308,07859
30307,07862
30306,07865
30305,07868
30304,07871
30303,07875
30302,07878
30301,07881
30300,07884
30299,07887
30298,07891
30297,07894
30296,07897
30295,07900
30294,07903
30293,07907
30292,07910
30291,07913
30290,07916
30289,07919
30288,07922
30287,07926
30286,07929
30285,07932
30284,07935
30283,07938
30282,07942
30281,07945
30280,07948
30279,07951
30278,07954
30277,07957
30276,07961
30275,07964
30274,07967
30273,07970
30272,07973
30271,07977
30270,07980
30269,07983
30268,07986
30267,07989
30266,07993
30265,07996
30264,07999
30263,08002
30262,08005
30261,08008
30260,08012
30259,08015
30258,08018
30257,08021
30256,08024
30255,08028
30254,08031
30253,08034
30252,08037
30251,08041
30250,08044
30249,08047
30248,08050
30247,08053
30246,08057
30245,08060
30244,08063
30243,08066
30242,08070
30241,08073
30240,08076
30239,08079
30238,08082
30237,08086
30236,08089
30235,08092
30234,08096
30233,08099
30232,08102
30231,08105
30230,08109
30229,08112
30228,08115
30227,08118
30226,08121
30225,08125
30224,08128
30223,08131
30222,08135
30221,08138
30220,08141
30219,08144
30218,08147
30217,08151
30216,08154
30215,08157
30214,08160
30213,08164
30212,08167
30211,08170
30210,08174
30209,08177
30208,08180
30207,08183
30206,08187
30205,08190
30204,08193
30203,08196
30202,08199
30201,08203
30200,08206
30199,08209
30198,08212
30197,08216
30196,08219
30195,08222
30194,08225
30193,08228
30192,08232
30191,08235
30190,08238
30189,08242
30188,08245
30187,08248
30186,08251
30185,08255
30184,08258
30183,08261
30182,08264
30181,08267
30180,08271
30179,08274
30178,08277
30177,08280
30176,08284
30175,08287
30174,08290
30173,08293
30172,08297
30171,08300
30170,08303
30169,08306
30168,08310
30167,08313
30166,08316
30165,08319
30164,08323
30163,08326
30162,08329
30161,08332
30160,08335
30159,08339
30158,08342
30157,08345
30156,08348
30155,08352
30154,08355
30153,08358
30152,08361
30151,08364
30150,08368
30149,08371
30148,08374
30147,08377
30146,08380
30145,08384
30144,08387
30143,08390
30142,08393
30141,08397
30140,08400
30139,08403
30138,08406
30137,08409
30136,08413
30135,08416
30134,08419
30133,08422
30132,08425
30131,08429
30130,08432
30129,08435
30128,08438
30127,08441
30126,08445
30125,08448
30124,08451
30123,08454
30122,08457
30121,08460
30120,08463
30119,08467
30118,08470
30117,08473
30116,08476
30115,08479
30114,08482
30113,08486
30112,08489
30111,08492
30110,08495
30109,08498
30108,08501
30107,08505
30106,08508
30105,08511
30104,08514
30103,08517
30102,08520
30101,08523
30100,08527
30099,08530
30098,08533
30097,08536
30096,08539
30095,08542
30094,08546
30093,08549
30092,08552
30091,08555
30090,08558
30089,08561
30088,08564
30087,08568
30086,08571
30085,08574
30084,08577
30083,08580
30082,08583
30081,08587
30080,08590
30079,08593
30078,08596
30077,08599
30076,08602
30075,08605
30074,08608
30073,08611
30072,08615
30071,08618
30070,08621
30069,08624
30068,08627
30067,08630
30066,08634
30065,08637
30064,08640
30063,08643
30062,08646
30061,08649
30060,08652
30059,08656
30058,08659
30057,08662
30056,08665
30055,08668
30054,08671
30053,08674
30052,08678
30051,08681
30050,08684
30049,08687
30048,08690
30047,08693
30046,08696
30045,08700
30044,08703
30043,08706
30042,08709
30041,08712
30040,08715
30039,08718
30038,08721
30037,08725
30036,08728
30035,08731
30034,08734
30033,08737
30032,08740
30031,08743
30030,08747
30029,08750
30028,08753
30027,08756
30026,08759
30025,08762
30024,08766
30023,08769
30022,08772
30021,08775
30020,08778
30019,08781
30018,08784
30017,08787
30016,08790
30015,08794
30014,08797
30013,08800
30012,08803
30011,08806
30010,08809
30009,08812
30008,08815
30007,08819
30006,08822
30005,08825
30004,08828
30003,08831
30002,08834
30001,08837
30000,08841
29999,08844
29998,08847
29997,08850
29996,08853
29995,08856
29994,08859
29993,08863
29992,08866
29991,08869
29990,08872
29989,08875
29988,08878
29987,08881
29986,08885
29985,08888
29984,08891
29983,08894
29982,08897
29981,08901
29980,08904
29979,08907
29978,08910
29977,08913
29976,08916
29975,08919
29974,08923
29973,08926
29972,08929
29971,08932
29970,08935
29969,08938
29968,08941
29967,08945
29966,08948
29965,08951
29964,08954
29963,08957
29962,08960
29961,08964
29960,08967
29959,08970
29958,08973
29957,08976
29956,08979
29955,08983
29954,08986
29953,08989
29952,08992
29951,08995
29950,08998
29949,09002
29948,09005
29947,09008
29946,09011
29945,09014
29944,09017
29943,09021
29942,09024
29941,09027
29940,09030
29939,09033
29938,09036
29937,09039
29936,09043
29935,09046
29934,09049
29933,09052
29932,09055
29931,09058
29930,09061
29929,09064
29928,09068
29927,09071
29926,09074
29925,09077
29924,09080
29923,09083
29922,09086
29921,09090
29920,09093
29919,09096
29918,09099
29917,09102
29916,09105
29915,09109
29914,09112
29913,09115
29912,09118
29911,09121
29910,09124
29909,09128
29908,09131
29907,09134
29906,09137
29905,09140
29904,09143
29903,09146
29902,09149
29901,09153
29900,09156
29899,09159
29898,09162
29897,09165
29896,09168
29895,09172
29894,09175
29893,09178
29892,09181
29891,09184
29890,09187
29889,09191
29888,09194
29887,09197
29886,09200
29885,09203
29884,09206
29883,09210
29882,09213
29881,09216
29880,09219
29879,09222
29878,09225
29877,09229
29876,09232
29875,09235
29874,09238
29873,09241
29872,09245
29871,09248
29870,09251
29869,09254
29868,09257
29867,09261
29866,09264
29865,09267
29864,09270
29863,09273
29862,09277
29861,09280
29860,09283
29859,09286
29858,09289
29857,09292
29856,09296
29855,09299
29854,09302
29853,09305
29852,09308
29851,09311
29850,09315
29849,09318
29848,09321
29847,09324
29846,09327
29845,09330
29844,09334
29843,09337
29842,09340
29841,09343
29840,09346
29839,09350
29838,09353
29837,09356
29836,09359
29835,09362
29834,09366
29833,09369
29832,09372
29831,09375
29830,09378
29829,09381
29828,09385
29827,09388
29826,09391
29825,09394
29824,09397
29823,09401
29822,09404
29821,09407
29820,09410
29819,09413
29818,09417
29817,09420
29816,09423
29815,09426
29814,09429
29813,09433
29812,09436
29811,09439
29810,09442
29809,09445
29808,09448
29807,09452
29806,09455
29805,09458
29804,09461
29803,09465
29802,09468
29801,09471
29800,09474
29799,09478
29798,09481
29797,09484
29796,09487
29795,09491
29794,09494
29793,09497
29792,09500
29791,09503
29790,09507
29789,09510
29788,09513
29787,09516
29786,09520
29785,09523
29784,09526
29783,09529
29782,09532
29781,09536
29780,09539
29779,09542
29778,09546
29777,09549
29776,09552
29775,09555
29774,09559
29773,09562
29772,09565
29771,09568
29770,09572
29769,09575
29768,09578
29767,09581
29766,09585
29765,09588
29764,09591
29763,09594
29762,09598
29761,09601
29760,09604
29759,09607
29758,09611
29757,09614
29756,09617
29755,09620
29754,09624
29753,09627
29752,09630
29751,09633
29750,09637
29749,09640
29748,09643
29747,09646
29746,09649
29745,09653
29744,09656
29743,09659
29742,09662
29741,09666
29740,09669
29739,09672
29738,09675
29737,09679
29736,09682
29735,09685
29734,09688
29733,09692
29732,09695
29731,09698
29730,09701
29729,09705
29728,09708
29727,09711
29726,09714
29725,09718
29724,09721
29723,09724
29722,09727
29721,09731
29720,09734
29719,09737
29718,09740
29717,09744
29716,09747
29715,09750
29714,09753
29713,09756
29712,09760
29711,09763
29710,09766
29709,09769
29708,09773
29707,09776
29706,09779
29705,09782
29704,09785
29703,09789
29702,09792
29701,09795
29700,09798
29699,09801
29698,09804
29697,09808
29696,09811
29695,09814
29694,09817
29693,09821
29692,09824
29691,09827
29690,09830
29689,09833
29688,09837
29687,09840
29686,09843
29685,09846
29684,09850
29683,09853
29682,09856
29681,09859
29680,09862
29679,09866
29678,09869
29677,09872
29676,09875
29675,09878
29674,09881
29673,09885
29672,09888
29671,09891
29670,09894
29669,09897
29668,09900
29667,09903
29666,09907
29665,09910
29664,09913
29663,09916
29662,09919
29661,09922
29660,09926
29659,09929
29658,09932
29657,09935
29656,09938
29655,09941
29654,09945
29653,09948
29652,09951
29651,09954
29650,09957
29649,09960
29648,09963
29647,09966
29646,09970
29645,09973
29644,09976
29643,09979
29642,09982
29641,09985
29640,09989
29639,09992
29638,09995
29637,09998
29636,10001
29635,10004
29634,10008
29633,10011
29632,10014
29631,10017
29630,10020
29629,10023
29628,10026
29627,10029
29626,10033
29625,10036
29624,10039
29623,10042
29622,10045
29621,10048
29620,10051
29619,10055
29618,10058
29617,10061
29616,10064
29615,10067
29614,10070
29613,10073
29612,10077
29611,10080
29610,10083
29609,10086
29608,10089
29607,10092
29606,10096
29605,10099
29604,10102
29603,10106
29602,10109
29601,10112
29600,10116
29599,10120
29598,10123
29597,10127
29596,10131
29595,10134
29594,10138
29593,10142
29592,10146
29591,10149
29590,10153
29589,10157
29588,10160
29587,10164
29586,10168
29585,10171
29584,10175
29583,10179
29582,10183
29581,10187
29580,10191
29579,10196
29578,10200
29577,10204
29576,10209
29575,10213
29574,10218
29573,10223
29572,10228
29571,10233
29570,10238
29569,10243
29568,10249
29567,10254
29566,10259
29565,10265
29564,10270
29563,10275
29562,10281
29561,10287
29560,10293
29559,10299
29558,10306
29557,10313
29556,10320
29555,10327
29554,10334
29553,10342
29552,10350
29551,10359
29550,10368
29549,10378
29548,10387
29547,10399
29546,10411
29545,10424
29544,10441
29543,10461
29542,10489
